4.
 > pbinom(0,10,0.3)
[1] 0.02824752
> pbinom(1,10,0.3)
[1] 0.1493083
> pbinom(2,10,0.3)
[1] 0.3827828

5.
> pbinom(3:10,10,0.3)
[1] 0.6496107 0.8497317 0.9526510 0.9894079 0.9984096 0.9998563 0.9999941
[8] 1.0000000

6.
> pbinom(3,10,0.3)
[1] 0.6496107
> pbinom(4,10,0.3)
[1] 0.8497317
> pbinom(5,10,0.3)
[1] 0.952651
> pbinom(3:5,10,0.3)
[1] 0.6496107 0.8497317 0.9526510

7.a
> bin10 <- rbinom(100,10,0.3)
> bin10
  [1] 3 4 3 4 3 4 4 3 2 5 2 4 4 4 5 1 3 1 2 5 4 3 3 5 1 1 4 2 4 1 1 4 3 4
 [35] 4 3 4 2 1 3 3 2 1 2 1 3 1 4 5 4 0 3 3 3 4 4 4 4 2 4 2 4 2 2 2 6 2 3
 [69] 2 4 2 3 3 4 4 2 2 4 3 3 1 4 2 4 5 3 2 4 3 3 4 2 1 3 1 4 2 4 2 4
> mean(bin10)
[1] 2.97
> median(bin10)
[1] 3
> sd(bin10)
[1] 1.226434
b.
> hist(bin10)
> hist(bin10, breaks = 0:10)
c.
> mean(bin10) - sd(bin10)
[1] 1.743566
> mean(bin10) + sd(bin10)
[1] 4.196434
